4. Which year had the highest sales worldwide

Year Global_Sales (in millions)

2008 678.49
2009 667.10
2007 610.44
2010 600.36
2006 520.52
2011 515.93
2005 459.41
2004 418.85
2002 394.97
2013 367.98
2012 363.30
2003 357.61
2014 337.10
2001 331.49
2015 264.26
1998 256.33
1999 251.12
2000 201.63
1997 201.07
1996 199.15
0 99.99
1995 88.11
1994 79.22
1992 76.14
1989 73.45
2016 70.87
1985 53.95
1984 50.35
1990 49.37
1988 47.21
1993 45.99
1986 37.08
1981 35.68
1991 32.23
1982 28.88
1987 21.70
1983 16.80
1980 11.38
2020 0.29
2017 0.05

2008 is/are the year(s) with most global sales.
Year 0 represents games with unknown year of release.